0 -0.8155078887939453
0.5776231310303168 -0.8155078887939453
1.1552462620606336 -0.8155078887939453
1.7328693930909504 -0.8155078887939453
2.3104925241212673 -0.8155078887939453
2.888115655151584 -0.8155078887939453
3.465738786181901 -0.8155078887939453
4.043361917212218 -0.8155078887939453
4.6209850482425345 -0.8155078887939453
5.198608179272851 -0.8155078887939453
5.776231310303168 -0.8155078887939453
6.353854441333485 -0.8155078887939453
6.931477572363802 -0.8155078887939453
7.509100703394118 -0.8155078887939453
8.086723834424436 -0.8155078887939453
8.664346965454753 -0.8155078887939453
9.241970096485069 -0.8155078887939453
9.819593227515385 -0.8155078887939453
10.397216358545702 -0.8155078887939453
10.97483948957602 -0.8155078887939453
11.552462620606336 -0.8155078887939453
12.130085751636653 -0.8155078887939453
12.70770888266697 -0.8155078887939453
13.285332013697287 -0.8155078887939453
13.862955144727604 -0.8155078887939453
14.44057827575792 -0.8155078887939453
15.018201406788236 -0.8155078887939453
15.595824537818554 -0.8155078887939453
16.173447668848873 -0.8155078887939453
16.751070799879187 -0.8155078887939453
17.328693930909505 -0.8155078887939453
17.90631706193982 -0.8155078887939453
18.483940192970138 -0.8155078887939453
19.061563324000456 -0.8155078887939453
19.63918645503077 -0.8155078887939453
20.21680958606109 -0.8155078887939453
20.794432717091404 -0.8155078887939453
21.37205584812172 -0.8155078887939453
21.94967897915204 -0.8155078887939453
22.527302110182355 -0.8155078887939453
23.104925241212673 -0.8155078887939453
23.68254837224299 -0.8155078887939453
24.260171503273305 -0.8155078887939453
24.837794634303624 -0.8155078887939453
25.41541776533394 -0.8155078887939453
25.993040896364256 -0.8155078887939453
26.570664027394574 -0.8155078887939453
27.14828715842489 -0.8155078887939453
27.725910289455207 -0.8155078887939453
28.303533420485525 -0.8155078887939453
28.88115655151584 -0.8155078887939453
29.458779682546158 -0.8155078887939453
30.036402813576473 -0.8155078887939453
30.61402594460679 -0.8155078887939453
31.19164907563711 -0.8155078887939453
31.769272206667424 -0.8155078887939453
32.346895337697745 -0.8155078887939453
32.92451846872806 -0.8155078887939453
33.502141599758374 -0.8155078887939453
34.07976473078869 -0.8155078887939453
34.65738786181901 -0.8155078887939453
35.235010992849325 -0.8155078887939453
35.81263412387964 -0.8155078887939453
36.39025725490996 -0.8155078887939453
36.967880385940276 -0.8155078887939453
37.54550351697059 -0.8155078887939453
38.12312664800091 -0.8155078887939453
38.70074977903123 -0.8155078887939453
39.27837291006154 -0.8155078887939453
39.85599604109186 -0.8155078887939453
40.43361917212218 -0.8155078887939453
41.01124230315249 -0.8155078887939453
41.58886543418281 -0.8155078887939453
42.16648856521313 -0.8155078887939453
42.74411169624344 -0.8155078887939453
43.32173482727376 -0.8155078887939453
43.89935795830408 -0.8155078887939453
44.476981089334394 -0.8155078887939453
45.05460422036471 -0.8155078887939453
45.63222735139503 -0.8155078887939453
46.209850482425345 -0.8155078887939453
46.78747361345566 -0.8155078887939453
47.36509674448598 -0.8155078887939453
47.942719875516296 -0.8155078887939453
48.52034300654661 -0.8155078887939453
49.09796613757693 -0.8155078887939453
49.67558926860725 -0.8155078887939453
50.25321239963756 -0.8155078887939453
50.83083553066788 -0.8155078887939453
51.4084586616982 -0.8155078887939453
51.98608179272851 -0.8155078887939453
52.56370492375883 -0.8155078887939453
53.14132805478915 -0.8155078887939453
53.71895118581946 -0.8155078887939453
54.29657431684978 -0.8155078887939453
54.8741974478801 -0.8155078887939453
55.451820578910414 -0.8155078887939453
56.02944370994073 -0.8155078887939453
56.60706684097105 -0.8155078887939453
57.184689972001365 -0.8155078887939453
57.76231310303168 -0.8155078887939453
58.339936234062 -0.8155078887939453
58.917559365092316 -0.8155078887939453
59.49518249612263 -0.8155078887939453
60.072805627152945 -0.8155078887939453
60.65042875818327 -0.8155078887939453
61.22805188921358 -0.8155078887939453
61.805675020243896 -0.8155078887939453
62.38329815127422 -0.8155078887939453
62.96092128230453 -0.8155078887939453
63.53854441333485 -0.8155078887939453
64.11616754436517 -0.8155078887939453
64.69379067539549 -0.8155078887939453
65.2714138064258 -0.8155078887939453
65.84903693745612 -0.8155078887939453
66.42666006848643 -0.8155078887939453
67.00428319951675 -0.8155078887939453
67.58190633054707 -0.8155078887939453
68.15952946157738 -0.8155078887939453
68.7371525926077 -0.8155078887939453
69.31477572363802 -0.8155078887939453
69.89239885466833 -0.8155078887939453
70.47002198569865 -0.8155078887939453
71.04764511672897 -0.8155078887939453
71.62526824775928 -0.8155078887939453
72.2028913787896 -0.8155078887939453
72.78051450981992 -0.8155078887939453
73.35813764085023 -0.8155078887939453
73.93576077188055 -0.8155078887939453
74.51338390291087 -0.8155078887939453
75.09100703394118 -0.8155078887939453
75.6686301649715 -0.8155078887939453
76.24625329600183 -0.8155078887939453
76.82387642703213 -0.8155078887939453
77.40149955806245 -0.8155078887939453
77.97912268909278 -0.8155078887939453
78.55674582012308 -0.8155078887939453
79.1343689511534 -0.8155078887939453
79.71199208218373 -0.8155078887939453
80.28961521321403 -0.8155078887939453
80.86723834424436 -0.8155078887939453
81.44486147527468 -0.8155078887939453
82.02248460630499 -0.8155078887939453
82.6001077373353 -0.8155078887939453
83.17773086836561 -0.8155078887939453
83.75535399939594 -0.8155078887939453
84.33297713042626 -0.8155078887939453
84.91060026145657 -0.8155078887939453
85.48822339248689 -0.8155078887939453
86.06584652351721 -0.8155078887939453
86.64346965454752 -0.8155078887939453
87.22109278557784 -0.8155078887939453
87.79871591660816 -0.8155078887939453
88.37633904763847 -0.8155078887939453
88.95396217866879 -0.8155078887939453
89.53158530969911 -0.8155078887939453
90.10920844072942 -0.8155078887939453
90.68683157175974 -0.8155078887939453
91.26445470279006 -0.8155078887939453
91.84207783382037 -0.8155078887939453
92.41970096485069 -0.8155078887939453
92.99732409588101 -0.8155078887939453
93.57494722691132 -0.8155078887939453
94.15257035794164 -0.8155078887939453
94.73019348897196 -0.8155078887939453
95.30781662000227 -0.8155078887939453
95.88543975103259 -0.8155078887939453
96.46306288206291 -0.8155078887939453
97.04068601309322 -0.8155078887939453
97.61830914412354 -0.8155078887939453
98.19593227515387 -0.8155078887939453
98.77355540618417 -0.8155078887939453
99.3511785372145 -0.8155078887939453
99.92880166824482 -0.8155078887939453
100.50642479927512 -0.8155078887939453
101.08404793030545 -0.8155078887939453
101.66167106133577 -0.8155078887939453
102.23929419236607 -0.8155078887939453
102.8169173233964 -0.8155078887939453
103.3945404544267 -0.8155078887939453
103.97216358545703 -0.8155078887939453
104.54978671648735 -0.8155078887939453
105.12740984751765 -0.8155078887939453
105.70503297854798 -0.8155078887939453
106.2826561095783 -0.8155078887939453
106.8602792406086 -0.8155078887939453
107.43790237163893 -0.8155078887939453
108.01552550266925 -0.8155078887939453
108.59314863369956 -0.8155078887939453
109.17077176472988 -0.8155078887939453
109.7483948957602 -0.8155078887939453
110.3260180267905 -0.8155078887939453
110.90364115782083 -0.8155078887939453
111.48126428885115 -0.8155078887939453
112.05888741988146 -0.8155078887939453
112.63651055091178 -0.8155078887939453
113.2141336819421 -0.8155078887939453
113.79175681297241 -0.8155078887939453
114.36937994400273 -0.8155078887939453
114.94700307503305 -0.8155078887939453
115.52462620606336 -0.8155078887939453
116.10224933709368 -0.8155078887939453
116.679872468124 -0.8155078887939453
117.25749559915431 -0.8155078887939453
117.83511873018463 -0.8155078887939453
118.41274186121495 -0.8155078887939453
118.99036499224526 -0.8155078887939453
119.56798812327558 -0.8155078887939453
120.14561125430589 -0.8155078887939453
120.72323438533621 -0.8155078887939453
121.30085751636653 -0.8155078887939453
121.87848064739684 -0.8155078887939453
122.45610377842716 -0.8155078887939453
123.03372690945749 -0.8155078887939453
123.61135004048779 -0.8155078887939453
124.18897317151811 -0.8155078887939453
124.76659630254844 -0.8155078887939453
125.34421943357874 -0.8155078887939453
125.92184256460907 -0.8155078887939453
126.49946569563939 -0.8155078887939453
127.0770888266697 -0.8155078887939453
127.65471195770002 -0.8155078887939453
128.23233508873034 -0.8155078887939453
128.80995821976066 -0.8155078887939453
129.38758135079098 -0.8155078887939453
129.96520448182127 -0.8155078887939453
130.5428276128516 -0.8155078887939453
131.12045074388192 -0.8155078887939453
131.69807387491224 -0.8155078887939453
132.27569700594256 -0.8155078887939453
132.85332013697285 -0.8155078887939453
133.43094326800318 -0.8155078887939453
134.0085663990335 -0.8155078887939453
134.58618953006382 -0.8155078887939453
135.16381266109414 -0.8155078887939453
135.74143579212446 -0.8155078887939453
136.31905892315476 -0.8155078887939453
136.89668205418508 -0.8155078887939453
137.4743051852154 -0.8155078887939453
138.05192831624572 -0.8155078887939453
138.62955144727604 -0.8155078887939453
139.20717457830636 -0.8155078887939453
139.78479770933666 -0.8155078887939453
140.36242084036698 -0.8155078887939453
140.9400439713973 -0.8155078887939453
141.51766710242762 -0.8155078887939453
142.09529023345794 -0.8155078887939453
142.67291336448827 -0.8155078887939453
143.25053649551856 -0.8155078887939453
143.82815962654888 -0.8155078887939453
144.4057827575792 -0.8155078887939453
144.98340588860952 -0.8155078887939453
145.56102901963985 -0.8155078887939453
146.13865215067017 -0.8155078887939453
146.71627528170046 -0.8155078887939453
147.29389841273078 -0.8155078887939453
147.8715215437611 -0.8155078887939453
148.44914467479143 -0.8155078887939453
149.02676780582175 -0.8155078887939453
149.60439093685204 -0.8155078887939453
150.18201406788236 -0.8155078887939453
150.75963719891269 -0.8155078887939453
151.337260329943 -0.8155078887939453
151.91488346097333 -0.8155078887939453
152.49250659200365 -0.8155078887939453
153.07012972303394 -0.8155078887939453
153.64775285406427 -0.8155078887939453
154.2253759850946 -0.8155078887939453
154.8029991161249 -0.8155078887939453
155.38062224715523 -0.8155078887939453
155.95824537818555 -0.8155078887939453
156.53586850921585 -0.8155078887939453
157.11349164024617 -0.8155078887939453
157.6911147712765 -0.8155078887939453
158.2687379023068 -0.8155078887939453
158.84636103333713 -0.8155078887939453
159.42398416436745 -0.8155078887939453
160.00160729539775 -0.8155078887939453
160.57923042642807 -0.8155078887939453
161.1568535574584 -0.8155078887939453
161.7344766884887 -0.8155078887939453
162.31209981951903 -0.8155078887939453
162.88972295054936 -0.8155078887939453
163.46734608157965 -0.8155078887939453
164.04496921260997 -0.8155078887939453
164.6225923436403 -0.8155078887939453
165.2002154746706 -0.8155078887939453
165.77783860570094 -0.8155078887939453
166.35546173673123 -0.8155078887939453
166.93308486776155 -0.8155078887939453
167.51070799879187 -0.8155078887939453
168.0883311298222 -0.8155078887939453
168.66595426085252 -0.8155078887939453
169.24357739188284 -0.8155078887939453
169.82120052291313 -0.8155078887939453
170.39882365394345 -0.8155078887939453
170.97644678497377 -0.8155078887939453
171.5540699160041 -0.8155078887939453
172.13169304703442 -0.8155078887939453
172.70931617806474 -0.8155078887939453
173.28693930909503 -0.8155078887939453
173.86456244012535 -0.8155078887939453
174.44218557115568 -0.8155078887939453
175.019808702186 -0.8155078887939453
175.59743183321632 -0.8155078887939453
176.17505496424664 -0.8155078887939453
176.75267809527693 -0.8155078887939453
177.33030122630726 -0.8155078887939453
177.90792435733758 -0.8155078887939453
178.4855474883679 -0.8155078887939453
179.06317061939822 -0.8155078887939453
179.64079375042854 -0.8155078887939453
180.21841688145884 -0.8155078887939453
180.79604001248916 -0.8155078887939453
181.37366314351948 -0.8155078887939453
181.9512862745498 -0.8155078887939453
182.52890940558012 -0.8155078887939453
183.10653253661044 -0.8155078887939453
183.68415566764074 -0.8155078887939453
184.26177879867106 -0.8155078887939453
184.83940192970138 -0.8155078887939453
185.4170250607317 -0.8155078887939453
185.99464819176202 -0.8155078887939453
186.57227132279232 -0.8155078887939453
187.14989445382264 -0.8155078887939453
187.72751758485296 -0.8155078887939453
188.30514071588328 -0.8155078887939453
188.8827638469136 -0.8155078887939453
189.46038697794393 -0.8155078887939453
190.03801010897422 -0.8155078887939453
190.61563324000454 -0.8155078887939453
191.19325637103486 -0.8155078887939453
191.77087950206518 -0.8155078887939453
192.3485026330955 -0.8155078887939453
192.92612576412583 -0.8155078887939453
193.50374889515612 -0.8155078887939453
194.08137202618644 -0.8155078887939453
194.65899515721676 -0.8155078887939453
195.2366182882471 -0.8155078887939453
195.8142414192774 -0.8155078887939453
196.39186455030773 -0.8155078887939453
196.96948768133802 -0.8155078887939453
197.54711081236835 -0.8155078887939453
198.12473394339867 -0.8155078887939453
198.702357074429 -0.8155078887939453
199.2799802054593 -0.8155078887939453
199.85760333648963 -0.8155078887939453
200.43522646751993 -0.8155078887939453
201.01284959855025 -0.8155078887939453
201.59047272958057 -0.8155078887939453
202.1680958606109 -0.8155078887939453
202.7457189916412 -0.8155078887939453
203.32334212267153 -0.8155078887939453
203.90096525370183 -0.8155078887939453
204.47858838473215 -0.8155078887939453
205.05621151576247 -0.8155078887939453
205.6338346467928 -0.8155078887939453
206.2114577778231 -0.8155078887939453
206.7890809088534 -0.8155078887939453
207.36670403988373 -0.8155078887939453
207.94432717091405 -0.8155078887939453
208.52195030194437 -0.8155078887939453
209.0995734329747 -0.8155078887939453
209.67719656400502 -0.8155078887939453
210.2548196950353 -0.8155078887939453
210.83244282606563 -0.8155078887939453
211.41006595709595 -0.8155078887939453
211.98768908812627 -0.8155078887939453
212.5653122191566 -0.8155078887939453
213.14293535018692 -0.8155078887939453
213.7205584812172 -0.8155078887939453
214.29818161224753 -0.8155078887939453
214.87580474327785 -0.8155078887939453
215.45342787430818 -0.8155078887939453
216.0310510053385 -0.8155078887939453
216.60867413636882 -0.8155078887939453
217.1862972673991 -0.8155078887939453
217.76392039842943 -0.8155078887939453
218.34154352945976 -0.8155078887939453
218.91916666049008 -0.8155078887939453
219.4967897915204 -0.8155078887939453
220.07441292255072 -0.8155078887939453
220.652036053581 -0.8155078887939453
221.22965918461134 -0.8155078887939453
221.80728231564166 -0.8155078887939453
222.38490544667198 -0.8155078887939453
222.9625285777023 -0.8155078887939453
223.5401517087326 -0.8155078887939453
224.11777483976292 -0.8155078887939453
224.69539797079324 -0.8155078887939453
225.27302110182356 -0.8155078887939453
225.85064423285388 -0.8155078887939453
226.4282673638842 -0.8155078887939453
227.0058904949145 -0.8155078887939453
227.58351362594482 -0.8155078887939453
228.16113675697514 -0.8155078887939453
228.73875988800546 -0.8155078887939453
229.31638301903578 -0.8155078887939453
229.8940061500661 -0.8155078887939453
230.4716292810964 -0.8155078887939453
231.04925241212672 -0.8155078887939453
231.62687554315704 -0.8155078887939453
232.20449867418736 -0.8155078887939453
232.78212180521768 -0.8155078887939453
233.359744936248 -0.8155078887939453
233.9373680672783 -0.8155078887939453
234.51499119830862 -0.8155078887939453
235.09261432933894 -0.8155078887939453
235.67023746036926 -0.8155078887939453
236.2478605913996 -0.8155078887939453
236.8254837224299 -0.8155078887939453
237.4031068534602 -0.8155078887939453
237.98072998449052 -0.8155078887939453
238.55835311552084 -0.8155078887939453
239.13597624655117 -0.8155078887939453
239.7135993775815 -0.8155078887939453
240.29122250861178 -0.8155078887939453
240.8688456396421 -0.8155078887939453
241.44646877067242 -0.8155078887939453
242.02409190170275 -0.8155078887939453
242.60171503273307 -0.8155078887939453
243.1793381637634 -0.8155078887939453
243.75696129479368 -0.8155078887939453
244.334584425824 -0.8155078887939453
244.91220755685433 -0.8155078887939453
245.48983068788465 -0.8155078887939453
246.06745381891497 -0.8155078887939453
246.6450769499453 -0.8155078887939453
247.22270008097559 -0.8155078887939453
247.8003232120059 -0.8155078887939453
248.37794634303623 -0.8155078887939453
248.95556947406655 -0.8155078887939453
249.53319260509687 -0.8155078887939453
250.1108157361272 -0.8155078887939453
250.6884388671575 -0.8155078887939453
251.2660619981878 -0.8155078887939453
251.84368512921813 -0.8155078887939453
252.42130826024845 -0.8155078887939453
252.99893139127877 -0.8155078887939453
253.5765545223091 -0.8155078887939453
254.1541776533394 -0.8155078887939453
254.7318007843697 -0.8155078887939453
255.30942391540003 -0.8155078887939453
255.88704704643035 -0.8155078887939453
256.4646701774607 -0.8155078887939453
257.04229330849097 -0.8155078887939453
257.6199164395213 -0.8155078887939453
258.1975395705516 -0.8155078887939453
258.77516270158196 -0.8155078887939453
259.35278583261226 -0.8155078887939453
259.93040896364255 -0.8155078887939453
260.5080320946729 -0.8155078887939453
261.0856552257032 -0.8155078887939453
261.66327835673354 -0.8155078887939453
262.24090148776384 -0.8155078887939453
262.81852461879413 -0.8155078887939453
263.3961477498245 -0.8155078887939453
263.9737708808548 -0.8155078887939453
264.5513940118851 -0.8155078887939453
265.1290171429154 -0.8155078887939453
265.7066402739457 -0.8155078887939453
266.28426340497606 -0.8155078887939453
266.86188653600635 -0.8155078887939453
267.4395096670367 -0.8155078887939453
268.017132798067 -0.8155078887939453
268.59475592909735 -0.8155078887939453
269.17237906012764 -0.8155078887939453
269.75000219115793 -0.8155078887939453
270.3276253221883 -0.8155078887939453
270.9052484532186 -0.8155078887939453
271.4828715842489 -0.8155078887939453
272.0604947152792 -0.8155078887939453
272.6381178463095 -0.8155078887939453
273.21574097733986 -0.8155078887939453
273.79336410837016 -0.8155078887939453
274.3709872394005 -0.8155078887939453
274.9486103704308 -0.8155078887939453
275.52623350146115 -0.8155078887939453
276.10385663249144 -0.8155078887939453
276.68147976352174 -0.8155078887939453
277.2591028945521 -0.8155078887939453
277.8367260255824 -0.8155078887939453
278.41434915661273 -0.8155078887939453
278.991972287643 -0.8155078887939453
279.5695954186733 -0.8155078887939453
280.14721854970367 -0.8155078887939453
280.72484168073396 -0.8155078887939453
281.3024648117643 -0.8155078887939453
281.8800879427946 -0.8155078887939453
282.4577110738249 -0.8155078887939453
283.03533420485525 -0.8155078887939453
283.61295733588554 -0.8155078887939453
284.1905804669159 -0.8155078887939453
284.7682035979462 -0.8155078887939453
285.34582672897653 -0.8155078887939453
285.9234498600068 -0.8155078887939453
286.5010729910371 -0.8155078887939453
287.07869612206747 -0.8155078887939453
287.65631925309776 -0.8155078887939453
288.2339423841281 -0.8155078887939453
288.8115655151584 -0.8155078887939453
289.3891886461887 -0.8155078887939453
289.96681177721905 -0.8155078887939453
290.54443490824934 -0.8155078887939453
291.1220580392797 -0.8155078887939453
291.69968117031 -0.8155078887939453
292.27730430134034 -0.8155078887939453
292.85492743237063 -0.8155078887939453
293.4325505634009 -0.8155078887939453
294.0101736944313 -0.8155078887939453
294.58779682546157 -0.8155078887939453
295.1654199564919 -0.8155078887939453