0 198.0567169189453
29.681261957786912 198.0428161621094
59.362523915573824 198
89.04378587336073 198
118.72504783114765 197.8004455566406
148.40630978893455 197.6079711914062
178.08757174672147 197.5409393310547
207.76883370450838 196.9000549316406
237.4500956622953 196.1797485351562
267.1313576200822 195.4594573974609
296.8126195778691 194.8847351074219
326.49388153565604 194.2246246337891
356.17514349344293 193.4373016357422
385.8564054512299 192.6499938964844
415.53766740901676 191.8619842529297
445.2189293668037 191.2498626708984
474.9001913245906 190.6760711669922
504.5814532823775 190.1963500976562
534.2627152401644 190.2633666992188
563.9439771979513 190.0537567138672
593.6252391557382 189.7947692871094
623.3065011135252 189.9287719726562
652.9877630713121 189.8646087646484
682.669025029099 189.5878601074219
712.3502869868859 189.4380187988281
742.0315489446727 189.4647674560547
771.7128109024598 189.5987548828125
801.3940728602466 191.5654296875
831.0753348180335 193.0927276611328
860.7565967758204 193.9469604492188
890.4378587336074 194.7205352783203
920.1191206913943 195.0664672851562
949.8003826491812 194.8366241455078
979.4816446069681 194.1725921630859
1009.162906564755 193.3810882568359
1038.8441685225418 192.3838348388672
1068.5254304803289 191.299072265625
1098.2066924381159 190.21923828125
1127.8879543959026 189.3650360107422
1157.5692163536896 188.6737518310547
1187.2504783114764 188.1306915283203
1216.9317402692634 187.4104309082031
1246.6130022270504 187.0724182128906
1276.2942641848372 186.9942626953125
1305.9755261426242 186.9806976318359
1335.656788100411 184.7472381591797
1365.338050058198 181.3374328613281
1395.019312015985 178.1457061767578
1424.7005739737717 176.1075744628906
1454.3818359315587 175.0121459960938
1484.0630978893455 175.6654663085938
1513.7443598471325 176.3018341064453
1543.4256218049195 177.0505218505859
1573.1068837627063 176.8347015380859
1602.7881457204933 176.3954010009766
1632.4694076782803 175.8089904785156
1662.150669636067 175.3349761962891
1691.831931593854 175
1721.5131935516408 175
1751.1944555094278 175.0087585449219
1780.8757174672148 175.4582061767578
1810.5569794250016 176.725341796875
1840.2382413827886 177.1058959960938
1869.9195033405754 177.6379089355469
1899.6007652983624 179.2464141845703
1929.2820272561494 181.0259399414062
1958.9632892139362 182.771484375
1988.6445511717232 184.5084228515625
2018.32581312951 186.0728302001953
2048.007075087297 187.5133056640625
2077.6883370450837 188.9537811279297
2107.369599002871 190.7798614501953
2137.0508609606577 192.8737030029297
2166.7321229184445 194.967529296875
2196.4133848762317 196.7035217285156
2226.0946468340185 198.0771179199219
2255.7759087918053 198.8934936523438
2285.457170749592 199.7313079833984
2315.1384327073793 200.5184020996094
2344.819694665166 200.0805053710938
2374.500956622953 199.7168273925781
2404.18221858074 199.5190124511719
2433.863480538527 199.2877349853516
2463.5447424963136 199.0891265869141
2493.226004454101 198.7629241943359
2522.9072664118876 199.1459197998047
2552.5885283696743 199.8495788574219
2582.2697903274616 200.7017517089844
2611.9510522852484 200.9737091064453
2641.632314243035 201.2474517822266
2671.313576200822 202.3537139892578
2700.994838158609 203.0743255615234
2730.676100116396 203.5689849853516
2760.3573620741827 203.4353179931641
2790.03862403197 202.8885040283203
2819.7198859897567 202.0737762451172
2849.4011479475434 200.9668273925781
2879.0824099053307 199.3992309570312
2908.7636718631175 197.4642639160156
2938.444933820904 195.4419860839844
2968.126195778691 193.9994354248047
2997.807457736478 193.1093444824219
3027.488719694265 193.3381195068359
3057.169981652052 193.2969818115234
3086.851243609839 192.9662933349609
3116.532505567626 193.9318084716797
3146.2137675254125 194.5736694335938
3175.8950294832 194.6414642333984
3205.5762914409866 193.9739685058594
3235.2575533987733 192.9003295898438
3264.9388153565606 191.4251251220703
3294.6200773143473 189.8469085693359
3324.301339272134 187.9073028564453
3353.982601229921 184.9374389648438
3383.663863187708 182.1421356201172
3413.345125145495 179.8240356445312
3443.0263871032816 178.7940826416016
3472.707649061069 178.1918029785156
3502.3889110188557 177.9954681396484
3532.0701729766424 178
3561.7514349344297 177.5982513427734
3591.4326968922164 176.94482421875
3621.113958850003 176.2913970947266
3650.79522080779 175.2759246826172
3680.476482765577 173.9690551757812
3710.157744723364 172.6622009277344
3739.8390066811507 172.1567687988281
3769.520268638938 172.5397033691406
3799.2015305967248 174.5074768066406
3828.8827925545115 176.1633148193359
3858.5640545122988 177.3946075439453
3888.2453164700855 177.6401519775391
3917.9265784278723 177.7736206054688
3947.6078403856595 177.9070739746094
3977.2891023434463 177.4906768798828
4006.970364301233 177.1386260986328
4036.65162625902 177.0440368652344
4066.332888216807 176.4897918701172
4096.014150174594 176.1166687011719
4125.695412132381 176.5279541015625
4155.376674090167 176.5794067382812
4185.057936047954 176.3886566162109
4214.739198005742 175.6684875488281
4244.420459963529 174.6808319091797
4274.101721921315 173.4563293457031
4303.782983879102 172.0159912109375
4333.464245836889 170.5756683349609
4363.145507794676 169.1302947998047
4392.826769752463 167.6630554199219
4422.50803171025 168.110595703125
4452.189293668037 170.1808929443359
4481.870555625824 171.0689239501953
4511.5518175836105 171.9751281738281
4541.233079541397 172.8286590576172
4570.914341499184 173.0630950927734
4600.595603456972 173.2631378173828
4630.2768654147585 173.4631652832031
4659.958127372545 173.0836791992188
4689.639389330332 172.6302032470703
4719.320651288119 172.1767272949219
4749.001913245906 170.7759399414062
4778.683175203693 169.2552490234375
4808.36443716148 168.0816040039062
4838.045699119267 166.9079437255859
4867.726961077054 165.7763824462891
4897.40822303484 164.7360076904297
4927.089484992627 164.0853881835938
4956.770746950414 163.6124572753906
4986.452008908202 163.4211883544922
5016.133270865988 162.7836303710938
5045.814532823775 161.9684753417969
5075.495794781562 161.6448516845703
5105.177056739349 161.6574249267578
5134.8583186971355 162
5164.539580654923 162
5194.22084261271 162.6005859375
5223.902104570497 163.8132629394531
5253.5833665282835 163.9605102539062
5283.26462848607 164.2889709472656
5312.945890443857 164.9151916503906
5342.627152401644 165.4886627197266
5372.3084143594315 165.8866729736328
5401.989676317218 165.981689453125
5431.670938275005 167.1409606933594
5461.352200232792 168.447998046875
5491.033462190579 169.7550354003906
5520.714724148365 169.7414398193359
5550.395986106152 169.5289154052734
5580.07724806394 169.6982879638672
5609.758510021727 169.2890319824219
5639.439771979513 168.2670288085938
5669.1210339373 165.7772827148438
5698.802295895087 162.97509765625
5728.483557852874 160.0583953857422
5758.164819810661 157.6978607177734
5787.846081768448 156.0881958007812
5817.527343726235 154.7808685302734
5847.208605684022 154.0607604980469
5876.889867641808 153.5005035400391
5906.571129599595 152.9329223632812
5936.252391557382 152.4575347900391
5965.93365351517 152.8780364990234
5995.614915472956 154.4147491455078
6025.296177430743 156.2124633789062
6054.97743938853 158.2711944580078
6084.658701346317 160.5909271240234
6114.339963304104 163.7733917236328
6144.021225261891 167.0133056640625
6173.702487219678 170.1159210205078
6203.383749177465 171.0928344726562
6233.065011135252 171.5262451171875
6262.746273093038 172.0386962890625
6292.427535050825 173.5703887939453
6322.108797008612 175.3432769775391
6351.7900589664 177.1161499023438
6381.471320924186 178.6871032714844
6411.152582881973 180.0406341552734
6440.83384483976 181.0933685302734
6470.515106797547 182.1461029052734
6500.196368755333 183.2298431396484
6529.877630713121 184.4394226074219
6559.558892670908 185.5620422363281
6589.240154628695 186.5458221435547
6618.921416586481 186.8700256347656
6648.602678544268 187.0320892333984
6678.283940502055 187.1472320556641
6707.965202459842 186.7253875732422
6737.646464417629 186.9733276367188
6767.327726375416 187.826416015625
6797.008988333203 188.0457000732422
6826.69025029099 187.7896881103516
6856.3715122487765 187.0158538818359
6886.052774206563 186.5976409912109
6915.73403616435 186.3625030517578
6945.415298122138 186.4364776611328
6975.0965600799245 186.8777770996094
7004.777822037711 187.4649047851562
7034.459083995498 188.3844146728516
7064.140345953285 188.8425598144531
7093.821607911072 189
7123.502869868859 189
7153.184131826646 189.4769134521484
7182.865393784433 190
7212.54665574222 190
7242.227917700006 190
7271.909179657793 190
7301.59044161558 190
7331.271703573368 189.7827301025391
7360.952965531154 189.3159942626953
7390.634227488941 188.3889617919922
7420.315489446728 186.9218597412109
7449.996751404515 184.9634704589844
7479.6780133623015 183.0818939208984
7509.359275320089 181.1314697265625
7539.040537277876 179.0884399414062
7568.721799235663 178.4011077880859
7598.4030611934495 177.7189025878906
7628.084323151236 177.0652770996094
7657.765585109023 176.8376159667969
7687.44684706681 176.4984741210938
7717.1281090245975 176.0617218017578
7746.809370982384 176
7776.490632940171 175.8901214599609
7806.171894897958 175.4791717529297
7835.853156855745 176.5117645263672
7865.534418813531 177.8456573486328
7895.215680771319 179.0201110839844
7924.896942729106 180.6656036376953
7954.578204686893 182.3839569091797
7984.259466644679 183.5566253662109
8013.940728602466 185.2958526611328
8043.621990560253 187.0617370605469
8073.30325251804 187.43505859375
8102.984514475827 187.4557342529297
8132.665776433614 187.2449035644531
8162.347038391401 185.9229583740234
8192.028300349188 184.0736083984375
8221.709562306974 181.7514495849609
8251.390824264761 179.3921966552734
8281.072086222548 178.2921447753906
8310.753348180335 178.5475616455078
8340.434610138122 178.6805419921875
8370.115872095908 178.6881713867188
8399.797134053697 178.3799133300781
8429.478396011484 177.4021911621094
8459.15965796927 176.3513031005859
8488.840919927057 175.2994689941406
8518.522181884844 174.3572235107422
8548.20344384263 173.6083831787109
8577.884705800418 173.0451202392578
8607.565967758204 172.2945404052734
8637.247229715991 171.5072937011719
8666.928491673778 170.5218963623047
8696.609753631565 170.0026092529297
8726.291015589351 169.6308746337891
8755.972277547138 169.1320495605469
8785.653539504927 168.8060302734375
8815.334801462714 168.6804962158203
8845.0160634205 169.6432647705078
8874.697325378287 170.7794799804688
8904.378587336074 171.8923187255859
8934.05984929386 173.0007171630859
8963.741111251647 174.1777496337891
8993.422373209434 175.4781646728516
9023.103635167221 176.2145385742188
9052.784897125008 176.1715393066406
9082.466159082795 175.1291198730469
9112.147421040581 173.7084808349609
9141.828682998368 172.4297790527344
9171.509944956157 171.4396362304688
9201.191206913943 170.3781433105469
9230.87246887173 169.5607299804688
9260.553730829517 168.9733276367188
9290.234992787304 169.4657745361328
9319.91625474509 170.1857757568359
9349.597516702877 170.9552764892578
9379.278778660664 171.1869506835938
9408.96004061845 171.1318817138672
9438.641302576238 170.8412628173828
9468.322564534024 170.064697265625
9498.003826491811 168.9629821777344
9527.685088449598 167.4809875488281
9557.366350407387 166.3744812011719
9587.047612365173 165.620361328125
9616.72887432296 165.9071044921875
9646.410136280747 166.3844909667969
9676.091398238534 167
9705.77266019632 167
9735.453922154107 167
9765.135184111894 167
9794.81644606968 167.0182037353516
9824.497708027468 167
9854.178969985254 167
9883.860231943041 166.8456573486328
9913.541493900828 166.5846710205078
9943.222755858616 166.4019165039062
9972.904017816403 166.4499664306641
10002.58527977419 166.5162048339844
10032.266541731977 166.5824432373047
10061.947803689764 166.6486663818359
10091.62906564755 166.7149047851562
10121.310327605337 166.7811279296875
10150.991589563124 167.3453216552734
10180.67285152091 167.91357421875
10210.354113478697 167.9797973632812
10240.035375436484 168.5512390136719
10269.716637394271 169.2498168945312
10299.397899352058 169.6305084228516
10329.079161309846 169.9786071777344
10358.760423267633 170.1922760009766
10388.44168522542 170.0547637939453
10418.122947183207 170.047119140625
10447.804209140993 170.0016937255859
10477.48547109878 169.5090789794922
10507.166733056567 169.1864013671875
10536.847995014354 169.0013275146484
10566.52925697214 168.6431732177734
10596.210518929927 169.3292541503906
10625.891780887714 171.239990234375
10655.5730428455 172.9610443115234
10685.254304803288 174.6099243164062
10714.935566761074 176.0475311279297
10744.616828718863 177.1273498535156
10774.29809067665 177.5065002441406
10803.979352634437 177.0052642822266
10833.660614592223 174.0538024902344
10863.34187655001 170.5785217285156
10893.023138507797 167.1032562255859
10922.704400465584 164.3272399902344
10952.38566242337 162.2849731445312
10982.066924381157 160.8928680419922
11011.748186338944 161.3049621582031
11041.42944829673 163.2574768066406
11071.110710254517 167.9738464355469
11100.791972212304 173.1662139892578
11130.473234170093 178.2485809326172
11160.15449612788 180.2761077880859
11189.835758085666 181.9236602783203
11219.517020043453 183.2973937988281
11249.19828200124 184.6711273193359
11278.879543959027 185.3620910644531
11308.560805916813 185.42822265625
11338.2420678746 185.4943542480469
11367.923329832387 185.3907775878906
11397.604591790174 185.0271911621094
11427.28585374796 185
11456.967115705747 184.936279296875
11486.648377663534 184.8393096923828
11516.329639621323 184.8287811279297
11546.01090157911 184.9046936035156
11575.692163536896 185.0465698242188
11605.373425494683 185.1787872314453
11635.05468745247 185.3109893798828
11664.735949410257 185.4431915283203
11694.417211368043 185.4330596923828
11724.09847332583 185.1526794433594
11753.779735283617 184.2805938720703
11783.460997241404 183.3220825195312
11813.14225919919 182.1178436279297
11842.823521156977 180.0902709960938
11872.504783114764 178.1945953369141
11902.186045072553 176.4099884033203
11931.86730703034 175.5086822509766
11961.548568988126 174.7383422851562
11991.229830945913 174.0497589111328
12020.9110929037 174.0146179199219
12050.592354861486 173.739990234375
12080.273616819273 173.1522216796875
12109.95487877706 173.0748291015625
12139.636140734847 173.3022155761719
12169.317402692634 173.9560546875
12198.99866465042 174.6099090576172
12228.679926608207 175.3895721435547
12258.361188565994 176.4159545898438
12288.042450523782 177.7520446777344
12317.72371248157 179.1257934570312
12347.404974439356 180.4995422363281
12377.086236397143 181.873291015625
12406.76749835493 183.2233734130859
12436.448760312716 184.56982421875
12466.130022270503 185.50537109375
12495.81128422829 186.1428680419922
12525.492546186077 186.2749328613281
12555.173808143863 186.7703094482422
12584.85507010165 187.3795318603516
12614.536332059437 188.0994262695312
12644.217594017224 188.8193054199219
12673.898855975012 189.3959655761719
12703.5801179328 188.80810546875
12733.261379890586 188.2202606201172
12762.942641848373 187.6323852539062
12792.62390380616 187.0445251464844
12822.305165763946 186.1846771240234
12851.986427721733 185.0095977783203
12881.66768967952 184.3512725830078
12911.348951637307 184
12941.030213595093 184.1259460449219
12970.71147555288 183.6448822021484
13000.392737510667 183.4384002685547
13030.073999468454 183.7575836181641
13059.755261426242 184.3625640869141
13089.436523384029 184.8716278076172
13119.117785341816 185.3176879882812
13148.799047299603 185.0369262695312
13178.48030925739 184.7685546875
13208.161571215176 184.9664764404297
13237.842833172963 184.3116149902344
13267.52409513075 183.3080444335938
13297.205357088536 182.2182006835938
13326.886619046323 181.0420837402344
13356.56788100411 180.1077117919922
13386.249142961897 181.1239013671875
13415.930404919683 182.1903991699219
13445.611666877472 183.0265197753906
13475.292928835259 182.7683258056641
13504.974190793046 182.890625
13534.655452750832 183.2519073486328
13564.33671470862 182.9936676025391
13594.017976666406 182.2264862060547
13623.699238624193 181.0614929199219
13653.38050058198 180.6327819824219
13683.061762539766 179.3419952392578
13712.743024497553 176.8518524169922
13742.42428645534 174.2855072021484
13772.105548413127 172.9913787841797
13801.786810370913 173.8430786132812
13831.4680723287 175.1471557617188
13861.149334286489 176.4792022705078
13890.830596244276 177.9146728515625
13920.511858202062 178.7735137939453
13950.193120159849 179.3616180419922
13979.874382117636 179.6819458007812
14009.555644075423 180.6493682861328
14039.23690603321 181.5770568847656
14068.918167990996 181.9157104492188
14098.599429948783 182.4589538574219
14128.28069190657 182.9210357666016
14157.961953864356 182.4130706787109
14187.643215822143 181.8189239501953
14217.32447777993 181.2649993896484
14247.005739737719 181.7487030029297
14276.687001695505 182.0110778808594
14306.368263653292 182.1644744873047
14336.049525611079 183.4307403564453
14365.730787568866 184.3444519042969
14395.412049526652 184.9983978271484
14425.09331148444 185.6523590087891
14454.774573442226 186
14484.455835400013 186
14514.1370973578 186.3414764404297
14543.818359315586 186.621826171875
14573.499621273373 186.6876831054688
14603.18088323116 186.3194274902344
14632.862145188948 186.1885070800781
14662.543407146735 186.7825927734375
14692.224669104522 187.4891052246094
14721.905931062309 188.0371856689453
14751.587193020096 188.2356872558594
14781.268454977882 190.3712463378906
14810.94971693567 192.8905944824219
14840.630978893456 194.9842071533203
14870.312240851243 195.9943084716797
14899.99350280903 195.9488677978516
14929.674764766816 193.3987884521484
14959.356026724603 191.0791015625
14989.03728868239 188.7660217285156
15018.718550640178 184.9414215087891
15048.399812597965 181.1443939208984
15078.081074555752 177.5393829345703
15107.762336513539 176.6879425048828
15137.443598471325 177.1630554199219
15167.124860429112 179.0137329101562