0 10.95383071899414
2.732531559024945 10.94018840789795
5.46506311804989 10.92887401580811
8.197594677074834 10.91963863372803
10.93012623609978 10.91248226165771
13.662657795124725 10.90740489959717
16.395189354149668 10.90440654754639
19.127720913174613 10.90348720550537
21.86025247219956 10.90464782714844
24.592784031224504 10.90788650512695
27.32531559024945 10.91320419311523
30.057847149274394 10.9206018447876
32.790378708299336 10.93007755279541
35.522910267324285 10.9416332244873
38.25544182634923 10.95526695251465
40.987973385374175 10.97098064422607
43.72050494439912 10.98877334594727
46.45303650342406 11.00864410400391
49.18556806244901 11.03059482574463
51.91809962147395 11.05462455749512
54.6506311804989 11.08073329925537
57.38316273952384 11.10892105102539
60.11569429854879 11.13918781280518
62.84822585757373 11.17153358459473
65.58075741659867 11.20336151123047
68.31328897562362 11.23381042480469
71.04582053464857 11.26426029205322
73.7783520936735 11.29471015930176
76.51088365269845 11.32515907287598
79.2434152117234 11.35560894012451
81.97594677074835 11.38605880737305
84.70847832977329 11.41650772094727
87.44100988879823 11.44695663452148
90.17354144782318 11.47740650177002
92.90607300684812 11.50785541534424
95.63860456587307 11.53830432891846
98.37113612489802 11.56875324249268
101.10366768392296 11.59920310974121
103.8361992429479 11.62965202331543
106.56873080197285 11.66010093688965
109.3012623609978 11.66104030609131
112.03379392002273 11.64060974121094
114.76632547904768 11.62017822265625
117.49885703807263 11.59974670410156
120.23138859709758 11.57931518554688
122.96392015612251 11.55888366699219
125.69645171514746 11.5384521484375
128.4289832741724 11.51802062988281
131.16151483319734 11.49758911132812
133.8940463922223 11.47715759277344
136.62657795124724 11.45672607421875
139.3591095102722 11.43629455566406
142.09164106929714 11.41586208343506
144.8241726283221 11.39543056488037
147.556704187347 11.37499904632568
150.28923574637196 11.354567527771
153.0217673053969 11.33413600921631
155.75429886442186 11.31370449066162
158.4868304234468 11.29327297210693
161.21936198247175 11.27284049987793
163.9518935414967 11.27573585510254
166.68442510052162 11.28450298309326
169.41695665954657 11.29742813110352
172.14948821857152 11.3145112991333
174.88201977759647 11.33575344085693
177.61455133662142 11.3611536026001
180.34708289564637 11.39071083068848
183.07961445467132 11.4244270324707
185.81214601369624 11.46230220794678
188.54467757272118 11.50433444976807
191.27720913174613 11.5505256652832
194.00974069077108 11.60087394714355
196.74227224979603 11.65538120269775
199.47480380882098 11.72559261322021
202.20733536784593 11.8011474609375
204.93986692687085 11.87462329864502
207.6723984858958 11.94601917266846
210.40493004492075 12.01533699035645
213.1374616039457 12.08257484436035
215.86999316297064 12.13767242431641
218.6025247219956 12.166335105896
221.33505628102054 12.19707679748535
224.06758784004546 12.22989845275879
226.8001193990704 12.26479816436768
229.53265095809536 12.30177783966064
232.2651825171203 12.34083652496338
234.99771407614526 12.38197422027588
237.7302456351702 12.42519092559814
240.46277719419516 12.47048759460449
243.19530875322008 12.51786231994629
245.92784031224502 12.56731605529785
248.66037187126997 12.6188497543335
251.39290343029492 12.67246246337891
254.12543498931987 12.72815418243408
256.8579665483448 12.78592491149902
259.59049810736974 12.84577465057373
262.3230296663947 12.9077033996582
265.05556122541964 12.97171211242676
267.7880927844446 13.03779888153076
270.52062434346954 13.12026309967041
273.2531559024945 13.21200561523438
275.98568746151943 13.30374908447266
278.7182190205444 13.39549160003662
281.45075057956933 13.48723411560059
284.1832821385943 13.57897758483887
286.9158136976192 13.67072010040283
289.6483452566442 13.7624626159668
292.38087681566907 13.85420513153076
295.113408374694 13.94594860076904
297.84593993371897 14.03769111633301
300.5784714927439 14.12943363189697
303.31100305176886 14.22117614746094
306.0435346107938 14.3129186630249
308.77606616981876 14.40466213226318
311.5085977288437 14.49640464782715
314.24112928786866 14.58814716339111
316.9736608468936 14.67988967895508
319.70619240591856 14.77163314819336
322.4387239649435 14.86337566375732
325.17125552396845 14.90617561340332
327.9037870829934 14.94704055786133
330.6363186420183 14.98790550231934
333.36885020104324 15.00290012359619
336.1013817600682 15.00879001617432
338.83391331909314 15.01675891876221
341.5664448781181 15.02680778503418
344.29897643714304 15.0389347076416
347.031507996168 15.05314159393311
349.76403955519294 15.06942749023438
352.4965711142179 15.08779239654541
355.22910267324283 15.10823631286621
357.9616342322678 15.13075923919678
360.69416579129273 15.15536212921143
363.4266973503177 15.18204307556152
366.15922890934263 15.2108039855957
368.8917604683676 15.24164295196533
371.62429202739247 15.27456188201904
374.3568235864174 15.30955982208252
377.08935514544237 15.34130954742432
379.8218867044673 15.36174201965332
382.55441826349227 15.38217544555664
385.2869498225172 15.40260791778564
388.01948138154216 15.42304134368896
390.7520129405671 15.44347381591797
393.48454449959206 15.46390724182129
396.217076058617 15.48433971405029
398.94960761764196 15.50477313995361
401.6821391766669 15.52520561218262
404.41467073569186 15.54563903808594
407.1472022947168 15.56607151031494
409.8797338537417 15.58650493621826
412.61226541276665 15.60693836212158
415.3447969717916 15.62737083435059
418.07732853081654 15.64780426025391
420.8098600898415 15.66823673248291
423.54239164886644 15.68867015838623
426.2749232078914 15.70910358428955
429.00745476691634 15.72953605651855
431.7399863259413 15.78310871124268
434.47251788496624 15.85441780090332
437.2050494439912 15.92572689056396
439.93758100301613 15.99703598022461
442.6701125620411 16.06834602355957
445.40264412106603 16.1396541595459
448.1351756800909 16.21096420288086
450.8677072391159 16.28227233886719
453.6002387981408 16.35358238220215
456.33277035716577 16.42489051818848
459.0653019161907 16.49620056152344
461.79783347521567 16.56750869750977
464.5303650342406 16.63881874084473
467.26289659326557 16.71012687683105
469.9954281522905 16.78143692016602
472.72795971131546 16.85274505615234
475.4604912703404 16.9240550994873
478.19302282936536 16.99536323547363
480.9255543883903 17.06667137145996
483.65808594741526 17.13798141479492
486.39061750644015 17.20125389099121
489.1231490654651 17.26241874694824
491.85568062449005 17.32150268554688
494.588212183515 17.37850761413574
497.32074374253995 17.43343353271484
500.0532753015649 17.48628044128418
502.78580686058984 17.53704833984375
505.5183384196148 17.58573722839355
508.25086997863974 17.63234710693359
510.9834015376647 17.67687797546387
513.7159330966896 17.71932983398438
516.4484646557146 17.75970077514648
519.1809962147395 17.79799461364746
521.9135277737645 17.83420944213867
524.6460593327894 17.86834335327148
527.3785908918144 17.90039825439453
530.1111224508393 17.93037605285645
532.8436540098643 17.95827293395996
535.5761855688892 17.98409080505371
538.3087171279142 18.02673149108887
541.0412486869391 18.10682106018066
543.7737802459641 18.18898963928223
546.506311804989 18.27323722839355
549.2388433640139 18.35956382751465
551.9713749230389 18.44796943664551
554.7039064820638 18.53845405578613
557.4364380410888 18.63101768493652
560.1689696001137 18.72566223144531
562.9015011591387 18.82238388061523
565.6340327181636 18.92118453979492
568.3665642771886 19.02206420898438
571.0990958362135 19.12502479553223
573.8316273952385 19.23006248474121
576.5641589542633 19.33717918395996
579.2966905132884 19.44637680053711
582.0292220723132 19.55765151977539
584.7617536313381 19.67100524902344
587.4942851903631 19.78643989562988
590.226816749388 19.90395164489746
592.959348308413 19.99186515808105
595.6918798674379 20.06368446350098
598.4244114264629 20.13342475891113
601.1569429854878 20.19054985046387
603.8894745445128 20.24715042114258
606.6220061035377 20.30582809448242
609.3545376625627 20.36658668518066
612.0870692215876 20.42942428588867
614.8196007806126 20.49434089660645
617.5521323396375 20.56133651733398
620.2846638986625 20.63041114807129
623.0171954576874 20.70156478881836
625.7497270167123 20.7747974395752
628.4822585757373 20.8501091003418
631.2147901347622 20.92749977111816
633.9473216937872 21.0069694519043
636.6798532528121 21.0885181427002
639.4123848118371 21.17214775085449
642.144916370862 21.25785446166992
644.877447929887 21.3460693359375
647.6099794889119 21.44969177246094
650.3425110479369 21.55123710632324
653.0750426069618 21.65070152282715
655.8075741659868 21.74808692932129
658.5401057250117 21.84339332580566
661.2726372840366 21.93662071228027
664.0051688430616 22.02776908874512
666.7377004020865 22.1168384552002
669.4702319611115 22.20382690429688
672.2027635201364 22.28873825073242
674.9352950791614 22.3715705871582
677.6678266381863 22.45232200622559
680.4003581972113 22.53099632263184
683.1328897562362 22.60758972167969
685.8654213152612 22.68210411071777
688.5979528742861 22.75453948974609
691.3304844333111 22.82489585876465
694.063015992336 22.89317321777344
696.795547551361 22.95937156677246
699.5280791103859 23.01416969299316
702.2606106694108 23.05387496948242
704.9931422284358 23.09565925598145
707.7256737874607 23.13952255249023
710.4582053464857 23.18546676635742
713.1907369055106 23.23348808288574
715.9232684645356 23.28358840942383
718.6558000235605 23.33576965332031
721.3883315825855 23.39002799987793
724.1208631416104 23.44636726379395
726.8533947006354 23.50478363037109
729.5859262596603 23.56528091430664
732.3184578186853 23.62785530090332
735.0509893777102 23.6925106048584
737.7835209367352 23.75924491882324
740.51605249576 23.82805633544922
743.2485840547849 23.89894866943359
745.98111561381 23.97192001342773
748.7136471728348 24.04697036743164
751.4461787318598 24.12409973144531
754.1787102908847 24.19746017456055
756.9112418499097 24.26876640319824
759.6437734089346 24.34007453918457
762.3763049679596 24.41138076782227
765.1088365269845 24.48268699645996
767.8413680860095 24.55399513244629
770.5738996450344 24.62530136108398
773.3064312040594 24.69660758972168
776.0389627630843 24.76791381835938
778.7714943221092 24.8392219543457
781.5040258811342 24.9105281829834
784.2365574401591 24.98183441162109
786.9690889991841 25.05314064025879
789.701620558209 25.12444686889648
792.434152117234 25.19575500488281
795.1666836762589 25.26706123352051
797.8992152352839 25.3383674621582
800.6317467943088 25.4096736907959
803.3642783533338 25.48097991943359
806.0968099123587 25.5510082244873
808.8293414713837 25.60049247741699
811.5618730304086 25.65205574035645
814.2944045894336 25.70569801330566
817.0269361484585 25.76141929626465
819.7594677074834 25.8192195892334
822.4919992665084 25.87909889221191
825.2245308255333 25.9410572052002
827.9570623845583 26.00509452819824
830.6895939435832 26.07121086120605
833.4221255026082 26.13940811157227
836.1546570616331 26.20968246459961
838.8871886206581 26.28203582763672
841.619720179683 26.35647010803223
844.352251738708 26.4329833984375
847.0847832977329 26.51157379150391
849.8173148567579 26.59224510192871
852.5498464157828 26.67499542236328
855.2823779748077 26.75982284545898
858.0149095338327 26.84673118591309
860.7474410928576 26.93487167358398
863.4799726518826 27.0252628326416
866.2125042109075 27.11981201171875
868.9450357699325 27.19232940673828
871.6775673289574 27.26363563537598
874.4100988879824 27.33494186401367
877.1426304470073 27.40624809265137
879.8751620060323 27.47755432128906
882.6076935650572 27.54885864257812
885.3402251240822 27.62016487121582
888.0727566831071 27.69147109985352
890.8052882421321 27.76277732849121
893.537819801157 27.83408355712891
896.2703513601818 27.90538787841797
899.0028829192069 27.97669410705566
901.7354144782317 28.04800033569336
904.4679460372568 28.11930656433105
907.2004775962816 28.19061088562012
909.9330091553066 28.26191711425781
912.6655407143315 28.33322334289551
915.3980722733565 28.38068389892578
918.1306038323814 28.42159080505371
920.8631353914064 28.46457672119141
923.5956669504313 28.5096435546875
926.3281985094563 28.55678749084473
929.0607300684812 28.60601234436035
931.7932616275062 28.65731430053711
934.5257931865311 28.71069717407227
937.258324745556 28.76615905761719
939.990856304581 28.82369804382324
942.7233878636059 28.8833179473877
945.4559194226309 28.94501686096191
948.1884509816558 29.0087947845459
950.9209825406808 29.07465171813965
953.6535140997057 29.14258766174316
956.3860456587307 29.21260261535645
959.1185772177556 29.28469848632812
961.8511087767806 29.35887145996094
964.5836403358055 29.43512344360352
967.3161718948305 29.50611305236816
970.0487034538554 29.49611663818359
972.7812350128803 29.48611831665039
975.5137665719053 29.47612190246582
978.2462981309302 29.46612548828125
980.9788296899552 29.45612907409668
983.7113612489801 29.44613075256348
986.4438928080051 29.43613433837891
989.17642436703 29.42613792419434
991.908955926055 29.41614151000977
994.6414874850799 29.4061450958252
997.3740190441049 29.39614868164062
1000.1065506031298 29.38577079772949
1002.8390821621548 29.35533714294434
1005.5716137211797 29.32490539550781
1008.3041452802047 29.29447364807129
1011.0366768392296 29.26403999328613
1013.7692083982545 29.23360824584961
1016.5017399572795 29.20317649841309
1019.2342715163044 29.17274284362793
1021.9668030753294 29.16387176513672
1024.6993346343543 29.18430709838867
1027.4318661933792 29.20474433898926
1030.1643977524043 29.22517967224121
1032.8969293114292 29.2456169128418
1035.629460870454 29.26605415344238
1038.361992429479 29.28648948669434
1041.094523988504 29.30692672729492
1043.827055547529 29.32736206054688
1046.5595871065539 29.34779930114746
1049.2921186655788 29.36823463439941
1052.0246502246036 29.388671875
1054.7571817836288 29.40910911560059
1057.4897133426537 29.42954444885254
1060.2222449016786 29.44998168945312
1062.9547764607034 29.47041702270508
1065.6873080197286 29.49085426330566
1068.4198395787535 29.51129150390625
1071.1523711377783 29.5317268371582
1073.8849026968032 29.55216407775879
1076.6174342558284 29.5226936340332
1079.3499658148532 29.48341178894043
1082.0824973738781 29.45036888122559
1084.815028932903 29.42356300354004
1087.5475604919282 29.40299415588379
1090.280092050953 29.38866233825684
1093.012623609978 29.38056945800781
1095.7451551690028 29.37871360778809
1098.4776867280277 29.38309478759766
1101.2102182870528 29.39371299743652
1103.9427498460777 29.41057014465332
1106.6752814051026 29.43366241455078
1109.4078129641275 29.46299362182617
1112.1403445231526 29.49856376647949
1114.8728760821775 29.54036903381348
1117.6054076412024 29.58841323852539
1120.3379392002273 29.6426944732666
1123.0704707592524 29.70321273803711
1125.8030023182773 29.76996803283691
1128.5355338773022 29.83734321594238
1131.268065436327 29.8648681640625
1134.000596995352 29.8965950012207
1136.7331285543771 29.88992118835449
1139.465660113402 29.88532638549805
1142.198191672427 29.88281059265137
1144.9307232314518 29.88237571716309
1147.663254790477 29.88401794433594
1150.3957863495018 29.88773918151855
1153.1283179085267 29.89354133605957
1155.8608494675516 29.90142250061035
1158.5933810265767 29.91138076782227
1161.3259125856016 29.92341995239258
1164.0584441446265 29.93753814697266
1166.7909757036514 29.9537353515625
1169.5235072626763 29.97201156616211
1172.2560388217014 29.99236869812012
1174.9885703807263 30.01480293273926
1177.7211019397512 30.03931617736816
1180.453633498776 30.06591033935547
1183.1861650578012 30.10891723632812
1185.918696616826 30.17022895812988
1188.651228175851 30.23154067993164
1191.3837597348759 30.2928524017334
1194.116291293901 30.35416412353516
1196.8488228529259 30.41547584533691
1199.5813544119508 30.47678756713867
1202.3138859709757 30.53809928894043
1205.0464175300006 30.59941101074219
1207.7789490890257 30.66072273254395
1210.5114806480506 30.7220344543457
1213.2440122070755 30.78334808349609
1215.9765437661003 30.84465980529785
1218.7090753251255 30.90597152709961
1221.4416068841504 30.96728324890137
1224.1741384431753 31.02859497070312
1226.9066700022001 31.08990859985352
1229.6392015612253 31.15122032165527
1232.3717331202502 31.21253204345703
1235.104264679275 31.27384376525879
1237.8367962383 31.35291481018066
1240.569327797325 31.43305397033691
1243.30185935635 31.50903701782227
1246.0343909153748 31.58086204528809
1248.7669224743997 31.64852714538574
1251.4994540334246 31.7120361328125
1254.2319855924497 31.77138519287109
1256.9645171514746 31.82657623291016
1259.6970487104995 31.87760925292969
1262.4295802695244 31.92448425292969
1265.1621118285495 31.96720123291016
1267.8946433875744 31.99680137634277
1270.6271749465993 31.97636413574219
1273.3597065056242 31.9559268951416
1276.0922380646493 31.93548774719238
1278.8247696236742 31.9150505065918
1281.5573011826991 31.89461326599121
1284.289832741724 31.87417602539062
1287.022364300749 31.85373687744141
1289.754895859774 31.83438491821289
1292.487427418799 31.82359886169434
1295.2199589778238 31.81489181518555
1297.9524905368487 31.80826377868652
1300.6850220958738 31.80371475219727
1303.4175536548987 31.80124473571777
1306.1500852139236 31.80085563659668
1308.8826167729485 31.80254364013672
1311.6151483319736 31.80631065368652
1314.3476798909985 31.81215858459473
1317.0802114500234 31.82008361816406
1319.8127430090483 31.8300895690918
1322.5452745680732 31.84217262268066
1325.2778061270983 31.85633659362793
1328.0103376861232 31.87257957458496
1330.742869245148 31.89090156555176
1333.475400804173 31.91130065917969
1336.207932363198 31.93378067016602
1338.940463922223 31.95833969116211
1341.6729954812479 31.98497772216797
1344.4055270402728 32.05770111083984
1347.138058599298 32.17949676513672
1349.8705901583228 32.29921722412109
1352.6031217173477 32.41685485839844
1355.3356532763726 32.53241348266602
1358.0681848353977 32.64589309692383
1360.8007163944226 32.75729370117188
1363.5332479534475 32.86661529541016
1366.2657795124724 32.97385787963867
1368.9983110714973 33.07902145385742
1371.7308426305224 33.18210220336914
1374.4633741895473 33.28310775756836
1377.1959057485722 33.38203430175781
1379.928437307597 33.47887802124023
1382.6609688666222 33.57364654541016
1385.393500425647 33.66633605957031
1388.126031984672 33.75694274902344
1390.8585635436968 33.8454704284668
1393.591095102722 33.93192291259766
1396.3236266617469 34.01629257202148